      Date     Time,     Area,   Length,    Width,    Perim,   Factor,    Ratio Void,          Lat,          Lon,         Alt,      Rec_Off,  Rec_Len,  Pix_Len
12/08/2015 04:13:20,    46.30,   13.47,    7.66,   40.73,    1.76,    0.35,  15,            ,            ,            ,           0,    5176,     599
12/08/2015 04:13:33,    55.56,   11.00,    7.96,   33.27,    1.38,    0.63,   5,            ,            ,            ,        5176,    4152,     496
12/08/2015 04:13:47,    68.24,   16.07,    8.53,   53.62,    1.88,    0.30,  16,            ,            ,            ,        9328,    6604,     715
12/08/2015 04:13:49,     0.02,    0.26,    0.09,    0.59,    2.88,    0.62,   0,            ,            ,            ,       15932,      96,      11
12/08/2015 04:13:52,    0.03,    0.35,    0.12,    0.83,    2.92,    0.51,   0,            ,            ,            ,       16028,     128,      16
12/08/2015 04:13:55,     0.03,    0.30,    0.13,    0.73,    2.32,    0.63,   0,            ,            ,            ,       16156,     104,      12
12/08/2015 04:14:31,    24.86,    8.38,    5.33,   25.42,    1.57,    0.48,   4,            ,            ,            ,       16260,    3144,     374
12/08/2015 04:14:34,     0.01,    0.22,    0.09,    0.54,    2.45,    0.64,   0,            ,            ,            ,       19404,      72,       9
12/08/2015 04:14:54,    36.81,    8.77,    6.62,   28.33,    1.33,    0.58,   5,            ,            ,            ,       19476,    3340,     388
12/08/2015 04:15:11,    34.27,    9.56,    6.38,   28.68,    1.50,    0.52,   5,            ,            ,            ,       22816,    3588,     426
12/08/2015 04:15:19,    43.29,   11.12,    6.89,   31.05,    1.62,    0.56,   2,            ,            ,            ,       26404,    4104,     499
12/08/2015 04:15:34,    22.58,    6.86,    5.64,   22.62,    1.22,    0.55,   4,            ,            ,            ,       30508,    2548,     302
12/08/2015 04:15:44,    24.18,    7.27,    4.93,   21.15,    1.48,    0.68,   2,            ,            ,            ,       33056,    2672,     321
12/08/2015 04:15:53,    30.92,    7.80,    6.37,   24.72,    1.22,    0.64,   3,            ,            ,            ,       35728,    2980,     350
12/08/2015 04:16:03,    33.97,    8.82,    6.30,   26.67,    1.40,    0.60,   3,            ,            ,            ,       38708,    3328,     396
12/08/2015 04:16:11,    29.78,    6.95,    6.41,   24.07,    1.08,    0.65,   5,            ,            ,            ,       42036,    2716,     312
12/08/2015 04:16:14,     0.01,    0.14,    0.07,    0.35,    1.94,    0.60,   0,            ,            ,            ,       44752,      40,       5
12/08/2015 04:16:17,     0.00,    0.04,    0.08,    0.19,    0.59,    0.56,   0,            ,            ,            ,       44792,      16,       2
12/08/2015 04:16:37,    37.34,   10.03,    6.32,   30.03,    1.59,    0.52,   4,            ,            ,            ,       44808,    3840,     455
12/08/2015 04:16:48,    45.59,    9.55,    7.72,   33.40,    1.24,    0.51,  10,            ,            ,            ,       48648,    3920,     429
12/08/2015 04:16:58,    50.03,   14.34,    7.29,   43.15,    1.97,    0.34,   6,            ,            ,            ,       52568,    5428,     634
12/08/2015 04:17:08,    32.00,    9.42,    5.73,   27.49,    1.65,    0.53,   5,            ,            ,            ,       57996,    3516,     424
12/08/2015 04:17:17,    60.09,   10.38,    8.55,   34.90,    1.21,    0.62,   8,            ,            ,            ,       61512,    4012,     466
12/08/2015 04:17:19,     0.00,    0.07,    0.11,    0.26,    0.65,    0.75,   0,            ,            ,            ,       65524,      24,       3
12/08/2015 04:17:22,     0.01,    0.15,    0.08,    0.39,    1.89,    0.60,   0,            ,            ,            ,       65548,      48,       6
12/08/2015 04:17:25,     0.01,    0.18,    0.09,    0.45,    1.90,    0.67,   0,            ,            ,            ,       65596,      64,       8
12/08/2015 04:17:50,    59.60,   12.29,    8.18,   37.85,    1.50,    0.52,   6,            ,            ,            ,       65660,    4648,     552
12/08/2015 04:17:52,     0.01,    0.18,    0.11,    0.50,    1.62,    0.66,   0,            ,            ,            ,       70308,      64,       8
12/08/2015 04:18:22,    25.06,    7.42,    5.81,   22.95,    1.28,    0.60,   6,            ,            ,            ,       70372,    2796,     331
12/08/2015 04:18:25,     0.00,    0.07,    0.07,    0.21,    1.06,    0.83,   0,            ,            ,            ,       73168,      24,       3
12/08/2015 04:18:33,    35.12,   11.90,    6.46,   35.14,    1.84,    0.36,   7,            ,            ,            ,       73192,    4532,     534
12/08/2015 04:18:36,     0.00,    0.06,    0.03,    0.17,    1.96,    0.72,   0,            ,            ,            ,       77724,      24,       3
12/08/2015 04:18:53,    51.88,   10.80,    7.95,   34.45,    1.36,    0.55,   7,            ,            ,            ,       77748,    4148,     484
12/08/2015 04:18:56,     0.01,    0.21,    0.05,    0.47,    3.95,    0.40,   0,            ,            ,            ,       81896,      72,       9
12/08/2015 04:19:35,     1.02,    4.85,    0.66,   11.70,    7.36,    0.09,   0,            ,            ,            ,       81968,    1752,     218
12/08/2015 04:21:25,     0.79,    5.02,    0.72,   11.41,    6.97,    0.08,   0,            ,            ,            ,       83720,    1752,     218
12/08/2015 04:21:57,    42.86,   10.92,    6.87,   33.92,    1.59,    0.47,   6,            ,            ,            ,       85472,    4140,     485
12/08/2015 04:22:00,     0.01,    0.11,    0.18,    0.50,    0.64,    0.40,   0,            ,            ,            ,       89612,      40,       5
12/08/2015 04:22:02,     0.02,    0.25,    0.14,    0.99,    1.80,    0.22,   0,            ,            ,            ,       89652,      92,      11
12/08/2015 04:22:34,    52.33,    9.46,    8.12,   31.29,    1.17,    0.67,   5,            ,            ,            ,       89744,    3632,     430
12/08/2015 04:22:37,    0.00,    0.04,    0.05,    0.14,    0.96,    0.73,   0,            ,            ,            ,       93376,      16,       2
12/08/2015 04:22:58,    33.28,   12.60,    5.91,   33.26,    2.13,    0.38,   2,            ,            ,            ,       93392,    4616,     562
12/08/2015 04:23:09,    34.81,    8.29,    6.76,   26.28,    1.23,    0.63,   1,            ,            ,            ,       98008,    3152,     376
12/08/2015 04:23:20,    57.74,   11.67,    8.19,   37.04,    1.43,    0.53,  10,            ,            ,            ,      101160,    4544,     526
12/08/2015 04:23:22,     0.00,    0.04,    0.06,    0.16,    0.75,    0.84,   0,            ,            ,            ,      105704,      16,       2
12/08/2015 04:23:31,   22.66,    7.50,    5.25,   22.00,    1.43,    0.59,   3,            ,            ,            ,      105720,    2768,     336
12/08/2015 04:23:34,     0.01,    0.11,    0.10,    0.33,    1.14,    0.82,   0,            ,            ,            ,      108488,      40,       5
12/08/2015 04:23:59,    52.33,   10.87,    7.48,   32.67,    1.45,    0.62,   2,            ,            ,            ,      108528,    4088,     492
12/08/2015 04:24:08,    33.50,   12.52,    5.88,   35.22,    2.13,    0.34,   5,            ,            ,            ,      112616,    4740,     556
12/08/2015 04:24:10,     0.00,    0.04,    0.04,    0.13,    1.08,    0.85,   0,            ,            ,            ,      117356,      16,       2
12/08/2015 04:24:18,    40.65,   12.44,    6.47,   34.87,    1.92,    0.42,   3,            ,            ,            ,      117372,    4632,     556
12/08/2015 04:24:27,    40.38,   14.66,    6.44,   39.64,    2.28,    0.32,   5,            ,            ,            ,      122004,    5376,     652
12/08/2015 04:24:30,     0.03,    0.18,    0.26,    0.79,    0.69,    0.51,   0,            ,            ,            ,      127380,      64,       8
12/08/2015 04:24:32,     0.01,    0.11,    0.11,    0.37,    1.03,    0.56,   0,            ,            ,            ,      127444,      40,       5
12/08/2015 04:24:55,    49.26,    9.69,    7.65,   30.54,    1.27,    0.66,   3,            ,            ,            ,      127484,    3628,     434
12/08/2015 04:25:06,    55.49,   19.23,    7.82,   52.93,    2.46,    0.25,  12,            ,            ,            ,      131112,    7200,     853
12/08/2015 04:25:09,     0.00,    0.07,    0.03,    0.17,    2.14,    0.71,   0,            ,            ,            ,      138312,      24,       3
12/08/2015 04:25:12,     0.01,    0.27,    0.06,    0.61,    4.25,    0.38,   0,            ,            ,            ,      138336,      96,      12
12/08/2015 04:25:15,     0.01,    0.18,    0.08,    0.44,    2.16,    0.51,   0,            ,            ,            ,      138432,      64,       8
12/08/2015 04:25:30,    39.98,   12.24,    6.70,   34.17,    1.83,    0.43,   2,            ,            ,            ,      138496,    4544,     547
12/08/2015 04:25:32,     0.00,    0.04,    0.04,    0.14,    1.11,    0.77,   0,            ,            ,            ,      143040,      16,       2
12/08/2015 04:25:40,    33.13,    8.43,    6.13,   28.27,    1.38,    0.52,   7,            ,            ,            ,      143056,    3324,     375
12/08/2015 04:25:42,    0.02,    0.22,    0.21,    0.73,    1.06,    0.52,   0,            ,            ,            ,      146380,      84,      10
12/08/2015 04:26:00,    45.55,    9.89,    7.30,   31.40,    1.35,    0.58,   6,            ,            ,            ,      146464,    3768,     441
12/08/2015 04:26:11,    35.81,   13.26,    6.39,   36.06,    2.08,    0.35,   2,            ,            ,            ,      150232,    4876,     593
12/08/2015 04:26:14,     0.02,    0.26,    0.12,    0.65,    2.19,    0.64,   0,            ,            ,            ,      155108,      96,      12
12/08/2015 04:26:17,     0.03,    0.26,    0.15,    0.63,    1.66,    0.93,   0,            ,            ,            ,      155204,      96,      11
12/08/2015 04:26:44,    36.23,   11.90,    6.07,   32.84,    1.96,    0.42,   4,            ,            ,            ,      155300,    4376,     528
12/08/2015 04:26:47,     0.02,    0.17,    0.13,    0.51,    1.37,    0.75,   0,            ,            ,            ,      159676,      64,       8
12/08/2015 04:28:26,     0.94,    0.99,    2.19,   10.51,    0.45,    0.11,   4,            ,            ,            ,      159740,     500,      41
12/08/2015 04:28:38,    29.24,    7.98,    6.25,   26.19,    1.28,    0.54,   7,            ,            ,            ,      160240,    3088,     357
12/08/2015 04:29:02,    26.16,    8.48,    5.35,   26.86,    1.58,    0.46,   8,            ,            ,            ,      163328,    3296,     381
12/08/2015 04:29:04,    0.01,    0.16,    0.22,    0.66,    0.73,    0.40,   0,            ,            ,            ,      166624,      48,       6
12/08/2015 04:29:08,    0.01,    0.19,    0.13,    0.55,    1.49,    0.47,   0,            ,            ,            ,      166672,      72,       9
12/08/2015 04:29:31,   51.63,   11.37,    7.09,   39.82,    1.60,    0.41,  13,            ,            ,            ,      166744,    4540,     505
12/08/2015 04:29:34,    0.02,    0.27,    0.13,    0.71,    2.03,    0.45,   0,            ,            ,            ,      171284,      96,      12
12/08/2015 04:29:38,   17.68,   13.08,    4.04,   31.78,    3.24,    0.22,   2,            ,            ,            ,      171380,    4708,     578
12/08/2015 04:29:41,    0.03,    0.57,    0.22,    1.56,    2.58,    0.18,   0,            ,            ,            ,      176088,     200,      25
12/08/2015 04:29:45,   47.31,   11.78,    7.24,   33.95,    1.63,    0.52,   3,            ,            ,            ,      176288,    4400,     529
12/08/2015 04:29:48,     0.01,    0.14,    0.12,    0.38,    1.20,    0.80,   0,            ,            ,            ,      180688,      48,       6
12/08/2015 04:29:50,     0.01,    0.09,    0.14,    0.38,    0.67,    0.63,   0,            ,            ,            ,      180736,      32,       4
12/08/2015 04:29:53,    43.20,    8.92,    7.33,   29.37,    1.22,    0.63,   7,            ,            ,            ,      180768,    3484,     398
12/08/2015 04:29:56,     0.01,    0.13,    0.14,    0.45,    0.93,    0.47,   0,            ,            ,            ,      184252,      48,       6
12/08/2015 04:29:59,    39.41,    9.00,    6.69,   27.47,    1.35,    0.66,   2,            ,            ,            ,      184300,    3288,     395
12/08/2015 04:30:02,     0.05,    0.34,    0.38,    1.46,    0.88,    0.27,   1,            ,            ,            ,      187588,     136,      15
12/08/2015 04:30:05,    29.83,    8.55,    5.99,   27.94,    1.43,    0.48,   7,            ,            ,            ,      187724,    3384,     384
12/08/2015 04:30:07,     0.03,    0.25,    0.36,    1.08,    0.69,    0.34,   0,            ,            ,            ,      191108,      96,      11
12/08/2015 04:30:10,    37.37,   10.24,    6.44,   34.55,    1.59,    0.39,   4,            ,            ,            ,      191204,    4180,     455
12/08/2015 04:30:13,     0.01,    0.09,    0.18,    0.53,    0.49,    0.37,   1,            ,            ,            ,      195384,      48,       4
12/08/2015 04:30:17,    55.16,   13.87,    7.56,   45.72,    1.83,    0.33,  13,            ,            ,            ,      195432,    5488,     616
12/08/2015 04:30:19,     0.01,    0.11,    0.06,    0.29,    1.64,    0.80,   0,            ,            ,            ,      200920,      40,       5
12/08/2015 04:30:22,    38.71,    8.40,    6.70,   28.45,    1.25,    0.60,   7,            ,            ,            ,      200960,    3324,     379
12/08/2015 04:31:19,    31.64,    9.24,    6.00,   28.98,    1.54,    0.47,   8,            ,            ,            ,      204284,    3512,     411
12/08/2015 04:31:22,     0.01,    0.21,    0.07,    0.49,    2.80,    0.39,   0,            ,            ,            ,      207796,      72,       8
12/08/2015 04:31:25,    39.01,    9.83,    6.61,   30.40,    1.49,    0.53,   4,            ,            ,            ,      207868,    3704,     440
12/08/2015 04:31:28,     0.04,    0.57,    0.15,    1.39,    3.74,    0.25,   0,            ,            ,            ,      211572,     204,      25
12/08/2015 04:31:31,     0.00,    0.06,    0.07,    0.21,    0.89,    0.65,   0,            ,            ,            ,      211776,      24,       3
