      Date     Time     Area   Length    Width    Perim   Factor    Ratio Void          Lat          Lon          Alt      Rec_Off  Rec_Len  Pix_Len
11/30/2015 07:42:53    61.19,   12.63,    8.16,   43.23,    1.55,    0.41,  11,            ,            ,            ,           0,    4924,     575
11/30/2015 07:43:03    46.83,   15.23,    5.23,   40.63,    2.91,    0.36,  10,            ,            ,            ,        4924,    6008,     692
11/30/2015 07:43:11    47.80,   11.70,    7.20,   39.28,    1.62,    0.39,  11,            ,            ,            ,       10932,    4712,     540
11/30/2015 07:43:18    30.62,   14.46,    4.53,   36.93,    3.20,    0.28,   3,            ,            ,            ,       15644,    5272,     649
11/30/2015 07:43:29    18.94,    7.80,    3.97,   20.60,    1.97,    0.56,   3,            ,            ,            ,       20916,    2928,     357
11/30/2015 07:43:37    18.95,    8.66,    3.72,   23.36,    2.33,    0.44,   4,            ,            ,            ,       23844,    3344,     389
11/30/2015 07:44:03   163.75,   24.30,    9.28,   87.37,    2.62,    0.27,  16,            ,            ,            ,       27188,    9980,    1103
11/30/2015 07:44:13    15.58,    9.79,    3.39,   35.75,    2.89,    0.15,  10,            ,            ,            ,       37168,    4572,     446
11/30/2015 07:44:37    36.97,   13.33,    5.00,   34.84,    2.67,    0.38,   6,            ,            ,            ,       41740,    4980,     607
11/30/2015 07:44:47    58.26,   12.86,    7.63,   38.84,    1.69,    0.49,   6,            ,            ,            ,       46720,    4920,     591
11/30/2015 07:44:50     0.01,    0.09,    0.09,    0.29,    1.01,    0.73,   0,            ,            ,            ,       51640,      32,       4
11/30/2015 07:45:00    19.26,   10.25,    3.36,   25.89,    3.05,    0.36,   5,            ,            ,            ,       51672,    3848,     462
11/30/2015 07:45:12    31.59,   12.43,    5.31,   41.23,    2.34,    0.23,  16,            ,            ,            ,       55520,    5060,     569
11/30/2015 07:45:21    36.91,   12.23,    5.80,   35.95,    2.11,    0.36,   9,            ,            ,            ,       60580,    4812,     555
11/30/2015 07:45:29    23.00,   11.69,    3.77,   35.16,    3.10,    0.23,   9,            ,            ,            ,       65392,    4744,     525
11/30/2015 07:45:41    22.58,    9.81,    4.90,   30.45,    2.00,    0.31,   7,            ,            ,            ,       70136,    3948,     443
11/30/2015 07:45:51    33.22,   10.27,    5.77,   34.04,    1.78,    0.36,  10,            ,            ,            ,       74084,    4244,     463
11/30/2015 07:45:53     0.01,    0.15,    0.08,    0.35,    1.84,    0.78,   0,            ,            ,            ,       78328,      56,       7
11/30/2015 07:45:56     0.00,    0.04,    0.04,    0.13,    0.92,    0.85,   0,            ,            ,            ,       78384,      16,       2
11/30/2015 07:45:59     0.01,    0.13,    0.09,    0.39,    1.39,    0.44,   0,            ,            ,            ,       78400,      40,       5
11/30/2015 07:46:11    28.70,   12.02,    4.93,   42.86,    2.44,    0.20,   7,            ,            ,            ,       78440,    5432,     548
11/30/2015 07:46:14     0.01,    0.13,    0.07,    0.33,    1.92,    0.59,   0,            ,            ,            ,       83872,      48,       6
11/30/2015 07:46:18    65.52,   15.18,    7.27,   39.90,    2.09,    0.52,   4,            ,            ,            ,       83920,    5652,     694
11/30/2015 07:46:21     0.01,    0.14,    0.08,    0.34,    1.82,    0.73,   0,            ,            ,            ,       89572,      48,       5
11/30/2015 07:46:24    52.62,   14.56,    7.10,   48.14,    2.05,    0.29,   8,            ,            ,            ,       89620,    6076,     660
11/30/2015 07:46:26     0.01,    0.13,    0.08,    0.36,    1.58,    0.66,   0,            ,            ,            ,       95696,      56,       6
11/30/2015 07:46:29    54.20,   14.24,    7.09,   48.17,    2.01,    0.29,   8,            ,            ,            ,       95752,    6128,     655
11/30/2015 07:46:32     0.02,    0.30,    0.10,    0.75,    3.11,    0.38,   0,            ,            ,            ,      101880,     104,      13
11/30/2015 07:46:35    56.80,   18.07,    7.23,   55.90,    2.50,    0.23,  11,            ,            ,            ,      101984,    7204,     820
11/30/2015 07:46:38     0.03,    0.35,    0.16,    0.87,    2.22,    0.42,   0,            ,            ,            ,      109188,     128,      16
11/30/2015 07:46:41    25.69,   10.23,    4.97,   29.96,    2.06,    0.36,   8,            ,            ,            ,      109316,    3972,     461
11/30/2015 07:46:43     0.02,    0.35,    0.10,    0.81,    3.63,    0.35,   0,            ,            ,            ,      113288,     128,      16
11/30/2015 07:46:46    64.00,   13.09,    8.73,   43.59,    1.50,    0.42,  10,            ,            ,            ,      113416,    5116,     594
11/30/2015 07:46:49    16.19,    7.95,    3.24,   20.30,    2.46,    0.49,   2,            ,            ,            ,      118532,    2968,     359
11/30/2015 07:46:54    21.22,   13.47,    2.95,   30.63,    4.57,    0.28,   0,            ,            ,            ,      121500,    4888,     608
11/30/2015 07:46:56    13.33,    4.88,    4.60,   16.34,    1.06,    0.63,   4,            ,            ,            ,      126388,    1948,     222
11/30/2015 07:47:00    14.44,    9.21,    3.33,   24.40,    2.77,    0.30,   5,            ,            ,            ,      128336,    3444,     413
11/30/2015 07:47:04    52.67,   13.01,    7.52,   45.42,    1.73,    0.32,  11,            ,            ,            ,      131780,    5400,     603
11/30/2015 07:47:08    43.04,   14.43,    5.87,   43.80,    2.46,    0.28,  10,            ,            ,            ,      137180,    5952,     662
11/30/2015 07:47:11    26.19,    9.41,    5.13,   28.55,    1.83,    0.40,   7,            ,            ,            ,      143132,    3696,     430
11/30/2015 07:47:14     0.03,    0.40,    0.14,    0.99,    2.78,    0.44,   0,            ,            ,            ,      146828,     136,      17
11/30/2015 07:47:16    11.51,    6.95,    2.68,   17.85,    2.60,    0.45,   2,            ,            ,            ,      146964,    2588,     315
11/30/2015 07:47:19     0.06,    0.51,    0.47,    1.83,    1.09,    0.24,   0,            ,            ,            ,      149552,     196,      23
11/30/2015 07:47:23    50.19,   14.92,    6.29,   48.28,    2.37,    0.27,   8,            ,            ,            ,      149748,    6204,     682
11/30/2015 07:47:28    88.09,   18.60,   10.15,   68.82,    1.83,    0.23,  13,            ,            ,            ,      155952,    7584,     848
11/30/2015 07:47:31     0.06,    0.47,    0.20,    1.21,    2.38,    0.55,   0,            ,            ,            ,      163536,     160,      20
11/30/2015 07:47:34    53.02,   16.01,    6.53,   57.37,    2.45,    0.20,  15,            ,            ,            ,      163696,    7072,     735
11/30/2015 07:47:39    18.89,    8.34,    4.52,   25.36,    1.84,    0.37,   4,            ,            ,            ,      170768,    3224,     380
11/30/2015 07:47:42    60.25,   14.59,    6.78,   48.92,    2.15,    0.32,  10,            ,            ,            ,      173992,    5936,     664
11/30/2015 07:47:46    22.09,    8.62,    4.38,   28.16,    1.97,    0.35,  10,            ,            ,            ,      179928,    3396,     395
11/30/2015 07:47:49     0.06,    0.59,    0.23,    1.63,    2.58,    0.30,   0,            ,            ,            ,      183324,     208,      25
11/30/2015 07:47:52    91.40,   15.49,    9.55,   53.11,    1.62,    0.41,  11,            ,            ,            ,      183532,    6040,     725
11/30/2015 07:47:55    14.29,   11.17,    3.45,   29.74,    3.24,    0.20,   5,            ,            ,            ,      189572,    4188,     500
11/30/2015 07:47:58     0.05,    0.60,    0.22,    1.65,    2.75,    0.22,   0,            ,            ,            ,      193760,     212,      26
11/30/2015 07:48:01    38.49,   17.39,    3.39,   58.37,    5.12,    0.14,  16,            ,            ,            ,      193972,    7556,     789
11/30/2015 07:48:05     0.05,    0.66,    0.12,    1.60,    5.30,    0.26,   0,            ,            ,            ,      201528,     240,      30
11/30/2015 07:48:10    22.34,   11.94,    4.15,   31.00,    2.88,    0.29,   2,            ,            ,            ,      201768,    4364,     539
11/30/2015 07:48:13     0.04,    0.48,    0.14,    1.30,    3.37,    0.29,   0,            ,            ,            ,      206132,     172,      21
11/30/2015 07:48:16    97.60,   26.86,    9.36,   81.52,    2.87,    0.18,  23,            ,            ,            ,      206304,   10716,    1234
11/30/2015 07:48:20    47.72,   12.89,    6.14,   36.99,    2.10,    0.44,   8,            ,            ,            ,      217020,    5048,     602
11/30/2015 07:48:24    67.00,   15.32,    8.21,   51.76,    1.87,    0.31,   8,            ,            ,            ,      222068,    6544,     717
11/30/2015 07:48:27     0.26,    2.01,    0.27,    4.91,    7.36,    0.14,   0,            ,            ,            ,      228612,     752,      92
11/30/2015 07:48:30    57.95,   15.91,    6.76,   48.98,    2.35,    0.30,  10,            ,            ,            ,      229364,    6180,     725
11/30/2015 07:48:33    29.93,   11.07,    4.66,   32.96,    2.38,    0.35,  10,            ,            ,            ,      235544,    4440,     503
11/30/2015 07:48:36     0.22,    1.59,    0.24,    3.70,    6.53,    0.20,   1,            ,            ,            ,      239984,     580,      70
11/30/2015 07:48:38     0.22,    1.54,    0.25,    3.62,    6.15,    0.22,   1,            ,            ,            ,      240564,     580,      69
11/30/2015 07:48:41     0.23,    1.54,    0.26,    3.55,    5.99,    0.23,   1,            ,            ,            ,      241144,     580,      71
11/30/2015 07:48:45    32.83,   14.77,    5.05,   42.19,    2.92,    0.23,   7,            ,            ,            ,      241724,    5824,     677
11/30/2015 07:48:49    58.55,   20.97,    4.78,   80.86,    4.38,    0.11,  10,            ,            ,            ,      247548,   10288,     946
11/30/2015 07:48:52     0.24,    1.60,    0.27,    3.77,    5.88,    0.21,   1,            ,            ,            ,      257836,     592,      71
11/30/2015 07:48:54    16.15,   10.23,    3.29,   29.07,    3.11,    0.24,   8,            ,            ,            ,      258428,    3956,     464
11/30/2015 07:48:59    60.00,   18.74,    7.78,   55.62,    2.41,    0.24,  11,            ,            ,            ,      262384,    7420,     850
11/30/2015 07:49:03    35.35,   15.57,    4.50,   39.77,    3.46,    0.28,   5,            ,            ,            ,      269804,    5840,     705
11/30/2015 07:49:06    34.62,   10.96,    5.07,   31.55,    2.16,    0.44,   6,            ,            ,            ,      275644,    4276,     504
