      Date     Time     Area   Length    Width    Perim   Factor    Ratio Void          Lat          Lon          Alt      Rec_Off  Rec_Len  Pix_Len
12/08/2015 04:35:14    45.55,   11.26,    6.82,   39.02,    1.65,    0.38,   8,            ,            ,            ,           0,    4512,     516
12/08/2015 04:35:16     0.01,    0.13,    0.09,    0.33,    1.34,    0.76,   0,            ,            ,            ,        4512,      48,       6
12/08/2015 04:35:19    36.40,   10.49,    5.76,   34.52,    1.82,    0.38,   6,            ,            ,            ,        4560,    4240,     480
12/08/2015 04:35:30    66.78,   18.53,    7.47,   68.32,    2.48,    0.18,  11,            ,            ,            ,        8800,    8052,     834
12/08/2015 04:35:33     0.01,    0.09,    0.11,    0.30,    0.84,    0.87,   0,            ,            ,            ,       16852,      32,       4
12/08/2015 04:35:36    40.35,   10.65,    6.24,   32.34,    1.71,    0.48,   5,            ,            ,            ,       16884,    4120,     483
12/08/2015 04:35:39    32.97,   10.74,    5.11,   37.28,    2.10,    0.30,  12,            ,            ,            ,       21004,    4560,     486
12/08/2015 04:35:43    24.41,   10.44,    5.04,   30.09,    2.07,    0.34,   4,            ,            ,            ,       25564,    4076,     469
12/08/2015 04:35:46    19.23,    7.25,    4.47,   25.01,    1.62,    0.39,   7,            ,            ,            ,       29640,    2976,     327
12/08/2015 04:35:49     0.01,    0.18,    0.11,    0.50,    1.63,    0.61,   0,            ,            ,            ,       32616,      64,       8
12/08/2015 04:35:51    92.66,   17.18,    9.15,   66.37,    1.88,    0.26,  11,            ,            ,            ,       32680,    7336,     774
12/08/2015 04:35:55     0.02,    0.43,    0.11,    1.05,    3.84,    0.27,   0,            ,            ,            ,       40016,     160,      20
12/08/2015 04:35:58    52.50,   14.97,    6.84,   49.73,    2.19,    0.27,   7,            ,            ,            ,       40176,    5996,     665
12/08/2015 04:36:01     0.06,    0.42,    0.36,    1.22,    1.18,    0.54,   0,            ,            ,            ,       46172,     136,      17
12/08/2015 04:36:06    60.88,   13.47,    8.13,   49.39,    1.66,    0.31,  11,            ,            ,            ,       46308,    5624,     603
12/08/2015 04:36:10    19.77,   11.87,    3.71,   32.35,    3.20,    0.24,   8,            ,            ,            ,       51932,    4520,     532
12/08/2015 04:36:13    47.57,   12.48,    6.76,   48.89,    1.85,    0.25,  13,            ,            ,            ,       56452,    5624,     571
12/08/2015 04:36:17    45.60,   11.55,    6.82,   34.80,    1.69,    0.47,   5,            ,            ,            ,       62076,    4416,     520
12/08/2015 04:36:20     0.04,    0.53,    0.14,    1.30,    3.71,    0.28,   0,            ,            ,            ,       66492,     192,      24
12/08/2015 04:36:23    59.78,   11.28,   10.44,   45.84,    1.08,    0.36,  14,            ,            ,            ,       66684,    4864,     517
12/08/2015 04:36:27    26.97,    9.30,    5.19,   29.72,    1.79,    0.38,   9,            ,            ,            ,       71548,    3672,     422
12/08/2015 04:36:31    39.86,   11.64,    5.93,   35.54,    1.96,    0.40,   7,            ,            ,            ,       75220,    4604,     523
12/08/2015 04:36:34     0.02,    0.31,    0.10,    0.77,    2.95,    0.39,   0,            ,            ,            ,       79824,      96,      12
12/08/2015 04:36:36     0.03,    0.44,    0.11,    1.07,    3.91,    0.28,   0,            ,            ,            ,       79920,     152,      19
12/08/2015 04:36:39    82.76,   15.93,    9.02,   49.62,    1.77,    0.42,  11,            ,            ,            ,       80072,    6156,     722
12/08/2015 04:36:42     0.08,    0.95,    0.21,    2.49,    4.45,    0.17,   1,            ,            ,            ,       86228,     356,      42
12/08/2015 04:36:45    38.31,   12.02,    5.48,   38.49,    2.19,    0.32,  11,            ,            ,            ,       86584,    4796,     541
12/08/2015 04:36:49    31.18,   12.15,    4.62,   32.09,    2.63,    0.38,   5,            ,            ,            ,       91380,    4488,     546
12/08/2015 04:36:52    40.22,   11.57,    5.69,   32.81,    2.03,    0.47,   3,            ,            ,            ,       95868,    4312,     524
12/08/2015 04:36:55     0.06,    0.75,    0.20,    1.92,    3.69,    0.19,   0,            ,            ,            ,      100180,     260,      32
12/08/2015 04:38:07    52.16,    8.52,   11.65,   42.91,    0.73,    0.36,  10,            ,            ,            ,      100440,    4060,     377
12/08/2015 04:39:11    31.31,   10.70,    5.53,   36.56,    1.94,    0.29,  12,            ,            ,            ,      104500,    4236,     481
12/08/2015 04:39:14    39.86,   11.25,    6.00,   36.49,    1.88,    0.38,   6,            ,            ,            ,      108736,    4356,     515
12/08/2015 04:39:17    31.67,   10.99,    4.93,   31.48,    2.23,    0.40,   6,            ,            ,            ,      113092,    4200,     489
12/08/2015 04:39:21    32.71,   12.78,    5.27,   41.06,    2.43,    0.24,   7,            ,            ,            ,      117292,    4700,     562
12/08/2015 04:39:24     0.02,    0.24,    0.16,    0.72,    1.49,    0.38,   0,            ,            ,            ,      121992,      88,      11
12/08/2015 04:39:26    38.81,   14.24,    5.37,   39.77,    2.65,    0.31,   9,            ,            ,            ,      122080,    5504,     637
12/08/2015 04:39:35    75.73,   14.66,    9.61,   64.09,    1.53,    0.23,  10,            ,            ,            ,      127584,    6212,     670
12/08/2015 04:39:39    38.74,   11.06,    6.57,   35.53,    1.68,    0.39,   7,            ,            ,            ,      133796,    4300,     494
12/08/2015 04:39:42    12.82,    6.15,    3.34,   17.25,    1.84,    0.54,   4,            ,            ,            ,      138096,    2300,     274
12/08/2015 04:39:46     0.01,    0.18,    0.07,    0.46,    2.38,    0.55,   0,            ,            ,            ,      140396,      64,       8
12/08/2015 04:39:49    51.68,   13.92,    7.26,   49.40,    1.92,    0.27,  11,            ,            ,            ,      140460,    5900,     631
12/08/2015 04:39:54    39.04,   11.65,    5.96,   40.32,    1.96,    0.30,  11,            ,            ,            ,      146360,    4788,     525
12/08/2015 04:39:59    33.19,   10.68,    6.47,   36.50,    1.65,    0.31,   9,            ,            ,            ,      151148,    4220,     482
12/08/2015 04:40:02    22.34,    9.16,    4.64,   30.37,    1.97,    0.30,  10,            ,            ,            ,      155368,    3800,     412
12/08/2015 04:40:05    25.06,    8.53,    4.95,   27.60,    1.72,    0.41,   7,            ,            ,            ,      159168,    3244,     379
12/08/2015 04:40:08    31.83,   11.19,    4.98,   39.44,    2.25,    0.26,  12,            ,            ,            ,      162412,    4748,     495
12/08/2015 04:40:11     0.08,    0.68,    0.28,    1.89,    2.45,    0.26,   0,            ,            ,            ,      167160,     276,      30
12/08/2015 04:40:14    39.20,   11.65,    5.80,   41.98,    2.01,    0.28,  11,            ,            ,            ,      167436,    4972,     528
12/08/2015 04:40:18    39.78,   12.36,    6.39,   39.97,    1.93,    0.31,   5,            ,            ,            ,      172408,    4812,     561
12/08/2015 04:40:22    22.94,    9.63,    4.48,   30.59,    2.15,    0.31,  12,            ,            ,            ,      177220,    3936,     432
12/08/2015 04:40:24     0.17,    1.74,    0.29,    4.34,    5.94,    0.12,   0,            ,            ,            ,      181156,     628,      78
12/08/2015 04:40:31    67.36,   25.48,    5.86,   90.84,    4.35,    0.10,  26,            ,            ,            ,      181784,   10856,    1157
12/08/2015 04:40:34    26.93,   10.03,    5.30,   30.67,    1.89,    0.36,   6,            ,            ,            ,      192640,    3992,     452
12/08/2015 04:40:41    39.81,   17.97,    5.07,   55.20,    3.55,    0.16,  14,            ,            ,            ,      196632,    7204,     800
12/08/2015 04:40:44    15.44,    9.46,    3.35,   28.19,    2.82,    0.24,  12,            ,            ,            ,      203836,    3748,     414
12/08/2015 04:40:53   136.63,   54.66,    3.37,  137.47,   16.21,    0.09,  27,            ,            ,            ,      207584,   14304,    1677
12/08/2015 04:40:56     0.25,    1.97,    0.29,    5.89,    6.71,    0.09,   3,            ,            ,            ,      221888,     836,      88
12/08/2015 04:40:59    13.52,    7.93,    3.07,   23.16,    2.58,    0.32,   3,            ,            ,            ,      222724,    3008,     345
12/08/2015 04:41:02     0.26,    1.51,    0.36,    3.76,    4.23,    0.23,   0,            ,            ,            ,      225732,     548,      67
12/08/2015 04:41:05     0.22,    1.13,    0.40,    2.89,    2.83,    0.33,   0,            ,            ,            ,      226280,     412,      50
12/08/2015 04:41:08    40.90,   17.03,    4.57,   43.98,    3.73,    0.27,   8,            ,            ,            ,      226692,    6252,     747
12/08/2015 04:41:12    21.61,    9.30,    4.38,   28.98,    2.12,    0.32,   7,            ,            ,            ,      232944,    3644,     417
12/08/2015 04:41:18    37.75,   12.88,    5.87,   47.29,    2.19,    0.21,  14,            ,            ,            ,      236588,    5628,     582
12/08/2015 04:41:21    16.91,    7.65,    4.31,   25.35,    1.77,    0.33,   3,            ,            ,            ,      242216,    2960,     340
12/08/2015 04:41:25    30.17,   10.37,    5.60,   40.16,    1.85,    0.24,  13,            ,            ,            ,      245176,    4612,     467
12/08/2015 04:41:28    14.08,    7.61,    3.64,   24.47,    2.09,    0.30,   7,            ,            ,            ,      249788,    3124,     338
12/08/2015 04:41:31    26.79,   10.50,    4.34,   34.26,    2.42,    0.29,  10,            ,            ,            ,      252912,    4200,     471
12/08/2015 04:50:44     0.19,    0.66,    0.98,    5.96,    0.67,    0.07,   1,            ,            ,            ,      257112,     380,      28
